1 1 1997 860.4 7835.9 1653.7 10350 0.0989386290721341
2 2 1997 856 7778.7 1986 10620.7 0.0991348859832999
3 3 1997 854.3 7769.2 1986 10609.5 0.0990665043195918
4 4 1997 853.9 7718.4 1986 10558.3 0.0996115394934848
5 5 1997 851.9 7709.8 1986 10547.7 0.0995012672716867
6 6 1997 851.6 7718.6 1986 10556.2 0.0993675760192294
7 7 1997 851.2 7766.9 1986 10604.1 0.0987688701685986
8 8 1997 851.2 0 0 851.2 1
9 9 1997 846.4 7772.7 2036 10655.1 0.0982005081737072
10 10 1997 853.5 7737.5 2003 10594 0.0993481550459784
11 11 1997 855.8 7826.1 2091.5 10773.4 0.0985728930303275
12 12 1997 862 7844.2 2109.7 10815.9 0.099009900990099
13 1 1998 862.9 7894.2 2109.7 10866.8 0.0985371869682886
14 2 1998 858.4 7976.6 2109.7 10944.7 0.0971590265987549
15 3 1998 814.6 7937.2 2109.7 10861.5 0.0930779953838068
16 4 1998 812.6 7936.3 2112.5 10861.4 0.0928802478025809
17 5 1998 806.7 7931 2115.7 10853.4 0.0923240669741465
18 6 1998 804 7928.1 2115.7 10847.8 0.0920740715291854
19 7 1998 798.7 7906.4 2118.8 10823.9 0.0917508127419559
20 8 1998 800.4 0 0 800.4 1
21 9 1998 811.8 7766.5 2129.7 10708 0.094634134968467
22 10 1998 817.4 7773.9 2112.3 10703.6 0.0951427606997777
23 11 1998 817.1 7789.6 2080.7 10687.4 0.0949376648425064
24 12 1998 813.5 7806.3 2080.7 10700.5 0.0943757395763243
25 1 1999 805 7812.9 2095.1 10713 0.0934102275496351
26 2 1999 808.7 7825.5 2169.7 10803.9 0.0936624122674944
27 3 1999 801.8 7819.3 2169 10790.1 0.0930043729918456
28 4 1999 798 7814.4 2168.2 10780.6 0.0926570990664623
29 5 1999 795.1 7824.2 2168.2 10787.5 0.0922464701309851
30 6 1999 790.5 7873.2 2168.2 10831.9 0.0912427715641123
31 7 1999 784.8 7871.3 2168.2 10824.3 0.0906643869641062
32 8 1999 777.6 0 0 777.6 1
33 9 1999 776.4 7964.2 2168.2 10908.8 0.0888268539917168
34 10 1999 781.7 7962.7 2168.2 10912.6 0.0893943552444993
35 11 1999 810.7 7912.4 2168.2 10891.3 0.092937143905263
36 12 1999 810.7 7916.4 2168.2 10895.3 0.0928945468712402
37 1 2000 807.6 7890.3 2159.3 10857.2 0.0928499982754458
38 2 2000 781 7763.2 2085.9 10630.1 0.0914070363521453
39 3 2000 778.4 7697 2183.9 10659.3 0.0918422729310711
40 4 2000 774.9 7622.4 2282.4 10679.7 0.0922796613197099
41 5 2000 774 7713.6 2356.9 10844.5 0.0911918563551534
42 6 2000 776 7772.2 2392.4 10940.6 0.0907793453592569
43 7 2000 776 7808.5 2392.4 10976.9 0.0903954802259887
44 8 2000 775.5 0 0 775.5 1
45 9 2000 770.4 7835.2 2392.4 10998 0.0895231012364042
46 10 2000 763.3 7788.1 2390.8 10942.2 0.0892602380896695
47 11 2000 768.3 7784 2389.4 10941.7 0.089835482852566
48 12 2000 821.1 7819 2389.4 11029.5 0.0950336222960382
49 1 2001 836.8 7819.8 2389.4 11046 0.0966661275789571
50 2 2001 836.5 7813.3 2389.4 11039.2 0.0967074383222734
51 3 2001 835.4 7749.2 2413 10997.6 0.0973137944691657
52 4 2001 835.4 7749.2 2432.4 11017 0.0973137944691657
53 5 2001 836.5 7746.6 2428.2 11011.3 0.0974589600493994
54 6 2001 831.6 7875.5 2426.4 11133.5 0.0955082633712717
55 7 2001 824.8 7900.1 2426.4 11151.3 0.0945340347740375
56 8 2001 822.3 0 0 822.3 1
57 9 2001 833.8 7900.8 2451.1 11185.7 0.0954594371808669
58 10 2001 840 7845.2 2465.4 11150.6 0.0967162529360291
59 11 2001 839.9 7818.6 2465.4 11123.9 0.0970029450828665
60 12 2001 848.7 7634.9 2465.4 10949 0.100040077325664
61 1 2002 855.2 7497 2465.4 10817.6 0.102392184095208
62 2 2002 870.5 7446.1 2465.4 10782 0.104670177716855
63 3 2002 870.5 7370.9 2465.4 10706.8 0.105625257844541
64 4 2002 867.2 7348.6 2465.4 10681.2 0.105552715499404
65 5 2002 869.4 7320.5 2465.4 10655.3 0.10615514230943
66 6 2002 870.5 7247.8 2465.4 10583.7 0.107226882475395
67 7 2002 867 7225.1 2465.4 10557.5 0.107141533100184
68 8 2002 846.3 0 0 846.3 1
69 9 2002 829.7 7110.1 2410 10349.8 0.104498853875412
70 10 2002 755.5 7061.8 2367.4 10184.7 0.096644621544523
71 11 2002 755.5 7114.2 2395.1 10264.8 0.0960011182128925
72 12 2002 755.5 7259.3 2533.4 10548.2 0.0942631132405051
73 1 2003 754.4 7300.4 2533.4 10588.2 0.0936584396881363
74 2 2003 753.3 7499.1 2533.4 10785.8 0.0912825359895303
75 3 2003 743.2 7489.4 2572.9 10805.5 0.0902752471880087
76 4 2003 741.5 7495.6 2635.4 10872.5 0.0900195457139042
77 5 2003 740.2 7661.8 2748.5 11150.5 0.0880980718876458
78 6 2003 678.8 7885.1 2849.4 11413.3 0.0792629526267238
79 7 2003 674.8 7903.8 2825.3 11403.9 0.0786608537523605
80 8 2003 674.4 0 0 674.4 1
81 9 2003 670.8 7936.2 2766.4 11373.4 0.0779365632624608
82 10 2003 670 8086.1 2853.2 11609.3 0.0765180845353525
83 11 2003 663.4 8170.4 2883.4 11717.2 0.0750979193552039
84 12 2003 654 8161.3 2883.4 11698.7 0.074189193788073
85 1 2004 641.8 8092 2883.4 11617.2 0.0734846229590785
86 2 2004 641.8 8116.3 2823.3 11581.4 0.0732807344058643
87 3 2004 641.8 8054.4 2774.4 11470.6 0.0738023504519215
88 4 2004 638.4 8030.8 2774.4 11443.6 0.0736400129193005
89 5 2004 629.3 8030.8 2786.4 11446.5 0.072666597383402
90 6 2004 625.8 8198.5 2876.9 11701.2 0.0709178065115647
91 7 2004 625.4 8230.4 2855.4 11711.2 0.0706203843808577
92 8 2004 614.6 0 0 614.6 1
93 9 2004 609.4 8348.9 2982.3 11940.6 0.0680262996327428
94 10 2004 600.4 8334 3008.6 11943 0.0672009312320917
95 11 2004 618.8 8322.1 2959.4 11900.3 0.0692100347839703
96 12 2004 664.8 8588.3 3002 12255.1 0.0718461920869763
97 1 2005 661.8 8700.8 3295.6 12658.2 0.0706854933458655
98 2 2005 656.7 8820.6 3442.1 12919.4 0.0692918869298218
99 3 2005 658.9 8733.7 3516.7 12909.3 0.0701509699124843
100 4 2005 657.7 9052.4 3831 13541.1 0.0677335969763442
101 5 2005 651.6 9090.4 3831 13573 0.0668856497639088
102 6 2005 648.2 9039.4 3798 13485.6 0.0669102770552046
103 7 2005 644.6 8961.6 3721 13327.2 0.06710249630447
104 8 2005 637.4 0 0 637.4 1
105 9 2005 636.7 8974.6 3719.8 13331.1 0.0662449408508734
106 10 2005 636.7 8850.6 3709 13196.3 0.0671107691334732
107 11 2005 636.6 8809.1 3708.2 13153.9 0.0673957462125623
108 12 2005 635.7 8753.8 3602.2 12991.7 0.0677032855849619
109 1 2006 635.7 8806.1 3601 13042.8 0.0673282636785359
110 2 2006 633.6 8757.2 3589.4 12980.2 0.0674702900711334
111 3 2006 632.7 8663.3 3584.7 12880.7 0.0680615318416523
112 4 2006 625.2 8632.3 3601 12858.5 0.067534431541993
113 5 2006 621.9 8611 3613.6 12846.5 0.0673569517702997
114 6 2006 616.7 8594.7 3631 12842.4 0.0669496493475476
115 7 2006 616.2 8613.6 3631 12860.8 0.0667620100110512
116 8 2006 615.7 0 0 615.7 1
117 9 2006 614.9 8740 3631 12985.9 0.0657302590086479
118 10 2006 617.2 8650.8 3542.9 12810.9 0.0665947345705654
119 11 2006 617.7 8607.6 3590.9 12816.2 0.0669571721244838
120 12 2006 617.7 8419.5 3514 12551.2 0.0683508166246182
121 1 2007 617.7 8473.2 3514 12604.9 0.0679470679470679
122 2 2007 617.7 8391 3472 12480.7 0.0685670518498784
123 3 2007 617.7 8277.3 3406.6 12301.6 0.0694435075885329
124 4 2007 619.1 8207.6 3406.1 12232.8 0.0701394632195498
125 5 2007 626 8101.6 3411.6 12139.2 0.071726476923782
126 6 2007 626 8079.8 3389.8 12095.6 0.071906085598107
127 7 2007 626 7994 3309.6 11929.6 0.0726218097447796
128 8 2007 626 0 0 626 1
129 9 2007 626 7846 3391 11863 0.073890462700661
130 10 2007 617.3 7700.8 3296.6 11614.7 0.074211658912492
131 11 2007 593.4 7673.3 3258 11524.7 0.0717819686210943
132 12 2007 586.4 7841.6 3258 11686 0.069577598481253
133 1 2008 543.7 7884.7 3258 11686.4 0.0645080916900005
134 2 2008 505 7858.8 3258 11621.8 0.060379253449389
135 3 2008 505 7868.1 3258 11631.1 0.0603121902282309
136 4 2008 505 7866.6 3258 11629.6 0.0603229967987004
137 5 2008 505 8017.6 3403.6 11926.2 0.0592542181963251
138 6 2008 505 7870 3256 11631 0.0602985074626866
139 7 2008 505.8 7870 3256 11631.8 0.0603882614198047
140 8 2008 506 0 0 506 1
141 9 2008 506 7870 3256 11632 0.0604106972301815
142 10 2008 506 7851 3291.3 11648.3 0.0605480435563001
143 11 2008 506 7948.9 3329 11783.9 0.0598469526546736
144 12 2008 506 7996 3357.1 11859.1 0.0595154081392614
145 1 2009 506 7937.9 3403.4 11847.3 0.0599249162117031
146 2 2009 505.3 7890 3626.1 12021.4 0.0601884387693114
147 3 2009 501.4 7890 3638 12029.4 0.0597516504993207
148 4 2009 492.4 7885.4 3638 12015.8 0.0587743799088066
149 5 2009 491 7873.9 3638 12002.9 0.05869765328934
150 6 2009 487 7868 3638 11993 0.0582884500299222
151 7 2009 486.5 7866 3638 11990.5 0.0582460341215205
152 8 2009 487 0 0 487 1
153 9 2009 487 7936.9 3635.6 12059.5 0.0578117024181199
154 10 2009 487.6 7916 3635 12038.6 0.0580227521538388
155 11 2009 488 7916 3635 12039 0.0580675868633984
156 12 2009 488 7897 3635 12020 0.0581991651759094
157 1 2010 488 7874 3635 11997 0.0583592441999522
158 2 2010 488 7874 3635 11997 0.0583592441999522
159 3 2010 488 7874 3635 11997 0.0583592441999522
160 4 2010 483.2 7866.1 3635 11984.3 0.0578731151114465
161 5 2010 470.8 7825.7 3636.9 11933.4 0.0567468209485928
162 6 2010 465.4 7843.6 3647 11956 0.0560115537369118
163 7 2010 525 7897 3647 12069 0.0623367371170743
164 8 2010 525 0 0 525 1
165 9 2010 525 7897 3703 12125 0.0623367371170743
166 10 2010 525 7897 3703 12125 0.0623367371170743
167 11 2010 525 7897 3709.2 12131.2 0.0623367371170743
168 12 2010 524.4 7897 3732 12153.4 0.0622699313653312
169 1 2011 523 7792 3627.5 11942.5 0.0628983764281419
170 2 2011 530.8 7738 3723.6 11992.4 0.0641931114551084
171 3 2011 535 7738 3783 12056 0.0646681977517225
172 4 2011 539.3 7738 3783 12060.3 0.0651540961424619
173 5 2011 544.4 7766.5 3783 12093.9 0.0655043376770266
174 6 2011 547.5 7813 3783 12143.5 0.0654865139644758
175 7 2011 553.1 7813 3783 12149.1 0.0661120474295072
176 8 2011 552 0 0 552 1
177 9 2011 551.5 7731.6 3701.6 11984.7 0.0665813523922203
178 10 2011 546.8 7634.6 3672 11853.4 0.0668345270980517
179 11 2011 547 7578 3672 11797 0.0673230769230769
180 12 2011 547 7527.3 3625 11699.3 0.0677458107823588
181 1 2012 551.4 7492 3591 11634.4 0.0685530994355621
182 2 2012 554.7 7492 3591 11637.7 0.0689350914039296
183 3 2012 543 7492 3591 11626 0.0675793403858121
184 4 2012 543 7374.6 3487.5 11405.1 0.0685813882994847
185 5 2012 543 7361 3476 11380 0.0686993927125506
186 6 2012 543 7319.2 3434.2 11296.4 0.0690646383963776
187 7 2012 547.4 6980.4 3151.7 10679.5 0.0727171285103217
188 8 2012 552 0 0 552 1
189 9 2012 544.8 6818.8 3044.8 10408.4 0.0739855505459286
190 10 2012 544 6755.6 2981.6 10281.2 0.0745246314866568
191 11 2012 544 6685 2911 10140 0.0752524553880205
192 12 2012 544 6685 2911 10140 0.0752524553880205
193 1 2013 544 6685 2911 10140 0.0752524553880205
194 2 2013 544 6640.6 2911 10095.6 0.0757175068897364
195 3 2013 544 6616 2911 10071 0.0759776536312849
196 4 2013 544 6613.2 2911 10068.2 0.0760073771866093
197 5 2013 544 6612 2911 10067 0.0760201229737283
198 6 2013 544 6612 2911 10067 0.0760201229737283
199 7 2013 588.4 6578 2911 10077.4 0.0821053806653271
200 8 2013 606 0 0 606 1
201 9 2013 638 6506 2887.5 10031.5 0.0893057110862262
202 10 2013 686.9 6309.5 2794 9790.4 0.0981790635183809
203 11 2013 698.5 6238 2729 9665.5 0.100699199884668
204 12 2013 706.9 6238 2729 9673.9 0.101786922777866
205 1 2014 709.3 6238 2729 9676.3 0.102097217624113
206 2 2014 721 6238 2729 9688 0.103606840063227
207 3 2014 721.9 6290.1 2756.7 9768.7 0.102952082144894
208 4 2014 722 6334 2762 9818 0.102324263038549
209 5 2014 722 6368 2762 9852 0.101833568406206
210 6 2014 723.9 6367.4 2762 9853.3 0.102082833895055
211 7 2014 732.4 6315.3 2758.2 9805.9 0.10392042794103
212 8 2014 719 0 0 719 1
213 9 2014 719 6311.9 2755 9785.9 0.102262868196106
214 10 2014 721.5 6296.8 2755 9773.3 0.102802673011983
215 11 2014 728.7 6309 2755 9792.7 0.103542350483823
216 12 2014 728 6332 2755 9815 0.103116147308782
217 1 2015 712.7 6385.2 2755 9852.9 0.100409980416743
218 2 2015 702.6 6490.9 2755 9948.5 0.0976715090011816
219 3 2015 702 6505.9 2756.1 9964 0.0973931380846016
220 4 2015 691 6493 2789 9973 0.0961859688195991
221 5 2015 691.7 6493 2789 9973.7 0.0962740267512909
222 6 2015 692 6493 2789 9974 0.0963117606123869
223 7 2015 685.2 6460.8 2789 9935 0.0958858102434929
224 8 2015 691.1 0 0 691.1 1
225 9 2015 691.7 6418.7 2768 9878.4 0.0972800405040504
226 10 2015 705.1 6392.9 2759 9857 0.099337841645534
227 11 2015 734.6 6369 2759 9862.6 0.103412354299229
228 12 2015 747 6369 2759 9875 0.104974704890388
229 1 2016 747 6369 2759 9875 0.104974704890388
230 2 2016 746.6 6369 2759 9874.6 0.10492439147788
231 3 2016 747 6375.1 2759 9881.1 0.104884795214894
232 4 2016 747 6464 2759 9970 0.103591734849535
233 5 2016 754.2 6512.8 2759 10026 0.103784230081189
234 6 2016 785.8 6528.4 2759 10073.2 0.107434852752181
235 7 2016 788 6518.4 2780.4 10086.8 0.107850651483631
236 8 2016 787.5 0 0 787.5 1
237 9 2016 785 6665.6 2810 10260.6 0.105360642095939
238 10 2016 785 6705 2810 10300 0.104806408544726
239 11 2016 784.5 6705 2810 10299.5 0.104746645303425
240 12 2016 753.2 6718.8 2823.8 10295.8 0.100802997858672
241 1 2017 746 6758.6 2843 10347.6 0.0994056978386589
242 2 2017 746 6778 2843 10367 0.0991493886230728
243 3 2017 746 6848.5 2843 10437.5 0.0982289814997696
244 4 2017 746 6950 2843 10539 0.0969334719334719
245 5 2017 746 7113.9 2919.2 10779.1 0.0949121490095294
246 6 2017 746 7215 2982 10943 0.0937068207511619
247 7 2017 746 7226 2982 10954 0.0935775213246362
248 8 2017 746 0 0 746 1
249 9 2017 746 7290.1 2972.1 11008.2 0.0928310996627717
250 10 2017 746.7 7267 2949 10962.7 0.093177932790097
251 11 2017 744.3 7267 2949 10960.3 0.092906269893775
252 12 2017 737 7267 2949 10953 0.0920789605197401
253 1 2018 737 7290.2 2949 10976.2 0.0918128363563883
254 2 2018 737.1 7312 2949 10998.1 0.0915754556410033
255 3 2018 738 7290.5 2949 10977.5 0.091922526001121
256 4 2018 738 7167.5 2917.6 10823.1 0.0933527291126431
257 5 2018 738 6799.9 2714.9 10252.8 0.0979052521259237
258 6 2018 741 6741 2656 10138 0.099037690457097
259 7 2018 741 6741 2656 10138 0.099037690457097
260 8 2018 741 0 0 741 1
261 9 2018 741 6741 2656 10138 0.099037690457097
262 10 2018 741 6741 2656 10138 0.099037690457097
263 11 2018 741 6741 2656 10138 0.099037690457097
264 12 2018 741 6741 2656 10138 0.099037690457097
265 1 2019 741 6741 2656 10138 0.099037690457097
266 2 2019 741 6741 2656 10138 0.099037690457097
267 3 2019 741 6741 2656 10138 0.099037690457097
268 4 2019 741 6741 2656 10138 0.099037690457097
269 5 2019 741 6741 2656 10138 0.099037690457097
270 6 2019 741 6741 2656 10138 0.099037690457097
271 7 2019 741 6741 2656 10138 0.099037690457097
272 8 2019 741 0 0 741 1
273 9 2019 741 6741 2656 10138 0.099037690457097
274 10 2019 741 6741 2656 10138 0.099037690457097
275 11 2019 741 6741 2656 10138 0.099037690457097
276 12 2019 741 6741 2656 10138 0.099037690457097
277 1 2020 741 6741 2656 10138 0.099037690457097
278 2 2020 741 6741 2656 10138 0.099037690457097
279 3 2020 741 6741 2656 10138 0.099037690457097
280 4 2020 741 6741 2656 10138 0.099037690457097
281 5 2020 741 6741 2656 10138 0.099037690457097
282 6 2020 741 6741 2656 10138 0.099037690457097
283 7 2020 741 6741 2656 10138 0.099037690457097
284 8 2020 741 0 0 741 1
285 9 2020 741 6741 2656 10138 0.099037690457097
286 10 2020 741 6741 2656 10138 0.099037690457097
287 11 2020 741 6741 2656 10138 0.099037690457097
288 12 2020 741 6741 2656 10138 0.099037690457097
289 1 2021 741 6741 2656 10138 0.099037690457097
290 2 2021 741 6741 2656 10138 0.099037690457097
291 3 2021 741 6741 2656 10138 0.099037690457097
292 4 2021 741 6741 2656 10138 0.099037690457097
293 5 2021 741 6741 2656 10138 0.099037690457097
294 6 2021 741 6741 2656 10138 0.099037690457097
295 7 2021 741 6741 2656 10138 0.099037690457097
296 8 2021 741 0 0 741 1
297 9 2021 741 6741 2656 10138 0.099037690457097
298 10 2021 741 6741 2656 10138 0.099037690457097
299 11 2021 741 6741 2656 10138 0.099037690457097
300 12 2021 741 6741 2656 10138 0.099037690457097
