id,N0,B1,B2,K,F,S,nLL,delta
95,98.1344800840039,163.081558705653,1.51344212437044e-11,0.258666742181408,5.45944454801122e-06,1.8518562002876,45.1880889089562,0
15,8.46455662256854,158.194409822031,1.72966211928518e-11,0.0920861364578494,1.80851745356787e-05,2.1338920296833,49.3184543361442,4.13036542718798
5,99.2185488962836,191.222270876057,4.40266509152229e-11,0.13167025852497,3.39700630532266e-05,2.82076256680414,55.0430752650112,9.85498635605504
20,86.8727486098775,124.34750128527,4.38140456456727e-12,0.0801481236063954,1.07472584768027e-05,4.9678039385561,63.8104186689671,18.6223297600109
34,84.3875546533317,149.462821823117,1.86502033972313e-12,0.174263788454883,3.70430648091195e-05,4.71089080009748,65.7071926242776,20.5191037153214
72,5.56074853159613,138.474734573708,6.42750893767079e-12,0.0935824030098082,2.64655249734658e-05,4.43502426426168,66.7742579427532,21.586169033797
93,59.7984743164418,127.93117889705,5.23018500010822e-11,0.189046362778066,1.56859208860781e-05,5.85683237223977,68.1731709053261,22.9850819963699
88,27.444161914189,201.810258502364,4.51471391829116e-11,0.154775795754145,7.89106046528656e-06,6.01803445039616,68.5100642977914,23.3219753888352
58,34.3869237611392,121.349253645377,4.20396765119956e-11,0.125538961803931,2.55619819713024e-05,6.30496935003621,70.6087560104437,25.4206671014875
64,17.5944379140612,207.848350916578,1.34669563686606e-11,0.426222876260026,6.94208147836877e-06,4.12483623379672,70.827389214764,25.6393003058078
50,4.90916574850186,122.146807419351,2.26128995016031e-11,0.194375437541577,2.8280145156588e-05,3.85512526385088,70.9870384182461,25.7989495092899
62,37.4990008588013,136.591819901663,3.27070590566551e-11,0.0776894199694025,1.85634766088465e-05,6.7940417809536,71.4601356090736,26.2720467001174
83,20.5412390547001,183.065508487402,1.5830581151585e-11,0.336792316402338,1.42592673331255e-06,7.03676867996766,72.7244423951115,27.5363534861553
96,63.4734523353783,169.269854076811,5.69642074614396e-11,0.379552390820874,1.03938282829484e-05,5.06220005005162,73.3753427740662,28.18725386511
29,90.2537305662636,141.971809237013,5.80569281693048e-12,0.107496579176563,4.58267905992459e-05,6.91703044712,74.847011007655,29.6589220986988
44,73.0219419068665,196.364280741226,2.38255795085848e-11,0.0573536220449927,2.37147580300802e-05,7.86327385312985,74.934602411737,29.7465135027808
6,89.7525809690076,154.869946727727,7.71813167229776e-12,0.144156360891983,2.87108824750365e-05,7.77611556968011,75.0562624025192,29.868173493563
100,6.15135351819146,198.720922872797,1.40333593200812e-11,0.0320920908988146,2.48927728431542e-05,5.22084174507211,75.4823388241791,30.2942499152229
19,92.9949366878141,184.449235640792,1.94929613013071e-11,0.0695529924245277,3.60501461234467e-05,8.40492816295509,77.1552345812929,31.9671456723367
76,74.2150701672862,195.183889147544,3.49592936204656e-11,0.227929999170521,3.5345415952125e-05,8.9870464034917,78.4761398592452,33.288050950289
49,80.6269201999644,143.356698467817,4.67199295818517e-11,0.260940355808927,4.18860990011599e-05,8.0544489334785,78.5890577969408,33.4009688879846
81,3.33240021987744,209.896135915301,2.43031837180055e-12,0.231870420250006,1.342100276178e-05,9.38108647278274,78.9595571120378,33.7714682030816
10,84.0786361787584,147.44431330763,4.77960694844924e-11,0.157551467377659,3.1479606953409e-05,9.43495518582671,79.8190412020806,34.6309522931244
42,75.9257302877134,135.782963447462,1.14231788966277e-11,0.28348295475191,1.70603277722453e-05,9.64546811768345,80.5448476785881,35.3567587696319
11,66.0333810091922,174.030039672939,5.56926528172408e-11,0.12191632053863,2.03049347259018e-05,9.89000823237279,80.5610693125402,35.3729804035839
75,62.3104641971312,145.369883866057,2.32840139354749e-11,0.291690844513703,2.06067383396311e-05,10.1353817914801,83.0516265579887,37.8635376490325
48,21.5449073496697,159.27018763908,4.44736345718004e-11,0.202857146671296,3.77178981042617e-05,10.6070635081619,83.0666087205691,37.8785198116129
79,79.6200642006916,206.957196034908,4.23080643985424e-11,0.035205118007242,4.07925452985506e-05,10.3479276106093,83.531152295082,38.3430633861258
16,47.8525671373535,214.675634489762,5.05052896449875e-11,0.247173557025901,4.69936447012304e-05,11.1577624962238,84.0361090958899,38.8480201869336
98,14.3393875754733,217.187411061807,1.63199560509557e-11,0.186152874910958,4.51667445265063e-05,11.7980670044929,85.2643303983173,40.076241489361
47,18.5443931455573,143.516101358177,9.26610326708964e-13,0.317864708625604,1.24693922263063e-05,12.0044319010052,86.0550229723558,40.8669340633996
21,29.0293165238466,200.736773954805,5.08742428553083e-11,0.208511644978185,3.25809836213165e-05,12.4411293006283,86.2282260170554,41.0401371080992
14,58.0990052326452,172.420764993719,4.60597233061416e-11,0.0497190268541036,3.0414702593824e-05,12.2810388064272,86.2738839567453,41.0857950477891
1,15.5104144675827,179.878872265764,3.30762642540366e-11,0.0883916866401102,1.10549315948312e-05,13.3559780886046,87.7890185111197,42.6009296021635
35,68.8078520045818,203.41763625717,2.83848748042536e-11,0.137484977920716,4.01701234301628e-05,13.5006170248774,88.3506523129519,43.1625634039957
43,82.8908018660144,161.370291315384,1.01548671774337e-11,0.277557268943382,1.69953349560819e-05,13.6841152855733,88.7865737767168,43.5984848677606
89,97.0075291442247,208.896246812637,2.57783360070112e-11,0.0649171082671336,2.32758843783018e-05,13.8898963307651,88.8876890018301,43.6996000928739
4,43.0133987963313,129.0547684996,5.48556304825981e-11,0.339983704582746,4.46855459289778e-06,12.7500241307111,89.1808599238535,43.9927710148973
30,30.816030585791,164.01119757308,3.246813826843e-11,0.112662925550561,2.79732610619326e-05,14.1702150073091,89.4463866923121,44.2582977833559
74,39.4812668066944,147.69532349779,1.93104651139739e-11,0.0617704051712295,4.74005435655281e-06,14.3561807238227,89.5988516384574,44.4107627295012
17,23.2016787486466,187.94243847551,4.14997129603395e-11,0.274224575248398,2.12672298468276e-05,15.4748851166221,91.561046767146,46.3729578581898
68,91.8700956907513,168.931187602953,4.31597715632024e-11,0.176957630843212,2.65663477386306e-05,15.8290298979415,92.1993094670329,47.0112205580767
38,32.5969336124234,218.920200097509,2.49608477844311e-11,0.102526615299718,3.17003049114761e-05,16.1590808445926,92.6367010439682,47.4486121350119
84,78.6068818252417,183.541398122901,4.0204220702477e-11,0.166031666464226,1.45218613550626e-05,16.3863284325811,93.0550287555049,47.8669398465487
45,78.0976908030197,181.979095680319,3.724430120581e-11,0.198852281666646,3.01513802571773e-06,16.5145568409371,93.1391916407707,47.9511027318145
37,87.4402893459427,166.238149717747,1.033571240388e-11,0.116660764802136,3.4687756103763e-05,16.8604426131096,93.808710978635,48.6206220696788
24,77.184388674434,190.328665802941,2.74651631518803e-11,0.376378692128968,9.84444263810588e-06,17.2773005923518,94.5711821277411,49.3830932187848
36,67.7135406919645,152.289053609622,3.89093351801676e-11,0.355096873408409,1.17879973847283e-05,17.5687865278797,95.4765587396294,50.2884698306731
31,66.4110264262763,211.490996282722,2.63063633055515e-11,0.216099485012311,2.23131205476145e-05,18.1011457392565,95.5335311989655,50.3454422900093
12,60.543059374706,178.898358030392,3.68331620295077e-11,0.239820556811909,3.30671854120547e-05,18.2710531192104,95.7900552936146,50.6019663846584
9,7.8547184774892,131.988738834344,3.79303810687295e-11,0.170823830089597,9.32659903932054e-06,19.1347854709944,96.8225904838153,51.6345015748591
51,58.5950657845246,192.994260531853,1.6728953176218e-11,0.0476976746700374,1.79511881513041e-05,19.4710097279253,97.2451446632532,52.057055754297
28,70.0594154921064,177.409661707942,8.80357717129991e-12,0.149527363223929,3.58018186640438e-05,19.6457197874485,97.561928830438,52.3738399214818
92,30.0568659917055,216.28099495363,3.07939493093152e-11,0.359215466290177,4.29262780994997e-05,19.3873437426627,97.7403780987699,52.5522891898137
13,25.2804456357248,154.029493145169,3.13930085061691e-11,0.300268949297333,1.64880405314042e-05,1.03106900075057,100.134821120622,54.9467322116655
57,24.0547827357316,175.327925074667,2.10856636622873e-11,0.348374576381709,7.49104769637868e-06,1.35881129249175,148.58204128465,103.393952375694
66,88.748032374987,219.283090835667,4.69861355250584e-11,0.295754674050583,4.49703536449329e-05,0.534107993095992,377.622410016259,332.434321107303
18,35.8056030164123,141.150000005266,5.18519108490356e-11,0.243893917062454,3.20845465628402e-05,0.147486962435131,8443.83080104712,8398.64271213816
2,49.6141054899186,198.319782511619,1.30285700898594e-11,0.427883873496358,3.88437129085135e-05,0.622079190609296,Inf,Inf
3,35.1508815573161,194.20721367637,6.92156016144813e-12,0.370909127777448,1.5359279745099e-05,17.1397037193862,Inf,Inf
7,94.8320217733594,162.099993650193,1.80210721085766e-11,0.458719404752215,2.95819268743097e-05,8.66701696005271,Inf,Inf
8,27.9053961413813,196.781268371634,2.21687656512983e-11,0.325182291010524,4.38264267588291e-05,11.3345488551758,Inf,Inf
22,42.151825719254,119.594726636693,3.04433384631679e-11,0.400251761146155,3.92163872898432e-05,10.8151593052576,Inf,Inf
23,71.9595107914923,165.162636211801,3.85910356632411e-11,0.449954660734334,3.41133371645229e-05,0.90683392327928,Inf,Inf
25,2.67275043851631,125.162376979115,5.59212678696569e-11,0.319852567962864,6.44707484528573e-06,18.5179096383741,Inf,Inf
26,26.3176434944871,171.339065438077,8.21393781985269e-12,0.498058896603664,3.96529157353277e-05,3.00624006141645,Inf,Inf
27,10.2905838407699,140.154768926512,3.60153425628143e-11,0.265668969686204,4.86291517930987e-05,1.46945266631918,Inf,Inf
32,19.2529925837831,120.467756248761,3.98347430605792e-11,0.305887796632188,2.31752562755228e-06,16.6302779709729,Inf,Inf
33,41.2900441719792,192.189232962343,3.90383067021821e-12,0.480439702940005,2.73583664098181e-05,18.8644484914999,Inf,Inf
39,62.6630333261581,204.997491336031,2.69446069268233e-11,0.0289611556325245,4.80097855582325e-05,0.264623755360761,Inf,Inf
40,33.3746048203863,212.573965964346,2.98604190139742e-11,0.25136506189182,2.16184021720015e-05,17.7751094595307,Inf,Inf
41,93.8291405355037,215.026278885172,1.417605857205e-12,0.0142222650042885,2.64149702814927e-06,11.4809482936751,Inf,Inf
52,82.1434240074883,150.717223580012,5.67757030352822e-12,0.441701574350317,1.39371633998578e-05,17.9828401415344,Inf,Inf
53,95.7755009864608,123.802261737235,9.61269545173222e-12,0.432750472061494,6.00173666783064e-07,11.8944596826263,Inf,Inf
54,52.1808320308002,149.822167390507,3.46339185622112e-11,0.311807153267602,4.23727110043449e-05,2.2297803030088,Inf,Inf
55,11.2343185038827,134.242974935952,2.9150165106529e-11,0.347186821217559,1.27507807673465e-05,8.35806100260234,Inf,Inf
56,56.8105000999472,131.022695326701,3.36787473823955e-11,0.333147237233786,4.92385174249781e-05,7.23471591445649,Inf,Inf
59,97.0338760337945,205.79395962947,2.13124540727907e-11,0.452978893298368,1.9770553021461e-05,15.7400355612313,Inf,Inf
60,22.4825581738572,129.598939613772,4.95988272580985e-11,0.404383633475384,3.80102703963583e-05,14.9310313679153,Inf,Inf
61,74.7537472887699,174.54455207706,4.57179262167463e-12,0.417210445260778,4.721531823921e-05,2.4144979405191,Inf,Inf
63,52.5814156988975,170.125195710707,4.33494587579598e-11,0.0193418416181469,4.63793102069946e-05,15.2560164810124,Inf,Inf
65,9.84358079530523,186.467051920611,2.55202877360526e-11,0.465466579880059,1.9252592264473e-06,10.4824419565063,Inf,Inf
67,11.9008844916485,167.544233255311,2.41907536750052e-11,0.0419700247740078,4.78999390270321e-05,12.8270504906351,Inf,Inf
69,44.2753407099152,200.356803706806,2.85728465046993e-11,0.493084321310426,3.61549066122956e-06,13.0904146921244,Inf,Inf
70,50.9904565792139,213.845761631043,4.79679871354717e-11,0.471236971790564,4.30342039425022e-05,5.79138830996272,Inf,Inf
71,37.9957373493341,188.990666067698,2.01506521346762e-11,0.393620999132731,4.14597943089691e-05,7.4933464548155,Inf,Inf
73,70.6168390832672,160.510332456112,5.45679580577148e-11,0.389847160817225,2.25118972548368e-05,4.28682365214433,Inf,Inf
77,64.801611320856,157.333391092605,3.22816616504762e-12,0.385001649939045,2.54412332314317e-05,19.9252358581491,Inf,Inf
80,13.3437695170544,180.972603361117,1.52226320341053e-13,0.224102882776706,4.30786407037277e-08,15.1055274217321,Inf,Inf
82,49.106568394678,156.436505994695,1.25058566313864e-11,0.0205123705094217,8.39902807742997e-06,1.78746197639478,Inf,Inf
85,1.36354155972342,152.704053424268,1.08875939850916e-11,0.470222177720211,4.41257768243351e-05,6.54054025168923,Inf,Inf
86,16.0883200857914,176.220503629878,1.84997828368726e-11,0.486534352797812,8.89759607425088e-06,3.64256764559322,Inf,Inf
87,46.308444862536,132.565403862677,3.58774319299291e-11,0.134782356829809,4.96671560026442e-05,9.10877997734849,Inf,Inf
90,40.3114772148825,185.414022582023,5.27198579110177e-11,0.415627994243884,1.9030432160706e-05,14.514183921568,Inf,Inf
91,55.0994582125479,126.924939672869,5.3565321474238e-11,0.410298102349748,3.07094159530135e-05,5.52026168426641,Inf,Inf
94,55.6913937556397,146.08846627422,4.90764232899518e-11,0.365715289861879,1.44085604797078e-05,3.25609898364705,Inf,Inf
97,86.062704660164,138.130473927509,4.8963422297295e-11,0.47643919555935,3.67370472235379e-05,18.7479231131664,Inf,Inf
99,47.4853060288631,134.394031895026,4.07472875442091e-11,0.288571142707549,2.927091498489e-05,3.53006208035553,Inf,Inf
46,44.8885373145943,204.280521278298,5.37287100877958e-11,0.44069571436845,5.73407041758723e-06,2.74472516988747,NaN,NaN
78,53.5780919749973,220.785620784084,1.44679194082899e-11,0.211103140062853,2.42578008116841e-05,14.7483207845935,NaN,NaN
