id,N0,Linf,K,q,sigma,nLL,delta
95,39.7973233043097,137.706734846073,0.124361974345393,1.45089174354409e-06,1.42615426315423,43.6881648384953,0
65,79.2103273143297,152.684359289674,0.23757920646916,1.62782771445342e-05,0.834331890591403,49.3017952571109,5.61363041861564
53,42.7859744375734,203.028341452455,0.05740811498182,2.45981161334482e-05,2.86651835248817,52.8342006915274,9.14603585303212
29,61.6599267342197,202.311543652426,0.249954214617925,1.82044646416431e-05,2.07696528140358,54.5856369283658,10.8974720898706
10,38.3291619458783,163.370204188193,0.168129508589079,2.53719378069204e-05,3.20893875321748,54.9502748527206,11.2621100142253
72,10.2347045779612,173.252976660418,0.135084179781141,8.43696954368767e-06,3.7451871099248,56.1160109536931,12.4278461151979
66,34.5321154626006,207.222196987807,0.0920504814313991,7.07565357497273e-06,3.5644621071689,57.1168843541233,13.428719515628
89,49.6590187586698,199.570514662717,0.207983064553111,1.04787573294572e-05,2.43948852713916,57.3434944205563,13.655329582061
69,32.5517133920817,140.671957346807,0.173296213854181,4.10202388313485e-06,3.95654408532372,57.8058805739449,14.1177157354496
78,75.2014082245434,155.037435668664,0.21191887169349,2.05651383499748e-05,4.43361694143048,61.4189729070307,17.7308080685354
22,35.2801393340914,168.795825027442,0.178742311358984,4.62832008771334e-06,4.77688873912273,62.5644294287762,18.8762645902809
93,64.1088096166718,155.903456375595,0.0868344811616771,1.30495300600162e-05,4.85789273090794,62.8532431946154,19.1650783561201
8,5.36024938942517,206.036034948398,0.156602665572213,1.89767351489592e-05,5.45257685358386,65.5029179984819,21.8147531599866
7,27.3329714286421,198.919581750833,0.356829883244976,1.76824244834776e-05,5.11610903649371,66.0149110880681,22.3267462495728
67,66.0495630622173,165.389035035501,0.220331517214988,9.2535475154604e-06,6.61021882379401,70.6672273134688,26.9790624749735
81,13.5106606603484,175.701529837607,0.326275662204325,6.40936217149959e-06,4.05006175339228,73.1531892445968,29.4650244061015
46,28.3631609416705,203.68013916174,0.158435777407032,5.71704259830462e-06,7.31259499673056,73.6835079140572,29.9953430755619
82,90.5368665464016,149.815033624448,0.129741412382233,4.45195001059846e-05,6.59708901324738,74.1849693325881,30.4968044940928
19,72.0823561219228,187.721027442024,0.271116044972842,8.68737586672418e-06,7.90762040779441,75.3693357593653,31.68117092087
54,54.5225078648257,195.528475439881,0.389643073119317,3.44751911642318e-05,5.8535865513204,75.4074756463774,31.7193108078821
86,39.4366253542497,166.531417035853,0.199365054497654,3.09073545554835e-05,8.19062985608396,76.3237409768461,32.6355761383508
42,67.3654735015564,159.136839971469,0.0687987218096644,3.47397811562396e-06,8.59403103067515,76.793940067351,33.1057752288558
75,56.8894462340051,191.885925032795,0.408052000777497,2.02663071865581e-05,4.36279763163303,77.5845812589667,33.8964164204714
91,36.4527660991918,183.082746561173,0.314895643649139,1.14155368942858e-05,9.19498721631316,78.6768726021971,34.9887077637018
48,17.0898026227482,193.522811679307,0.190000907888746,4.61265094849171e-05,8.68378108657365,78.7996911530355,35.1115263145402
30,19.4701041460942,181.926038553347,0.0988531392686801,1.42150374917378e-05,9.32853868971729,78.8490544836904,35.1608896451951
3,84.5580563384075,186.887506598072,0.362427176351295,2.60405860261245e-06,9.49502332339274,79.5332355510906,35.8450707125953
47,30.2034911725321,164.546129973658,0.378998594610473,1.38461276583211e-05,7.58308552926852,80.3501374369712,36.6619725984759
28,22.5327240021681,158.249478672021,0.139583062621351,3.63543640492484e-05,9.99850895075185,81.8273996314491,38.1392347929538
80,76.2461753022436,171.622205624353,0.0833258728727409,2.43566817713077e-05,10.8641364892055,82.8398582165784,39.1516933780831
18,88.9995255303506,180.818591697262,0.0448953261976584,2.48548534083255e-06,11.1157526816869,83.2690205211716,39.5808556826763
76,26.5117490047162,197.640302884179,0.426517332892123,5.00955592539098e-06,10.3214851130827,83.8620660629021,40.1739012244068
56,73.3313586583401,176.630336559418,0.0508220057569458,3.85176338304694e-05,11.3064022372099,85.0072174846141,41.3190526461188
68,48.0478894200497,180.134568012795,0.296213398338381,2.85263507141689e-05,12.1601146298345,85.9346909174372,42.2465260789419
45,85.3298135030249,144.798140033627,0.293050874016076,1.27463353958224e-05,12.3210111918147,86.4312842026719,42.7431193641766
32,54.1607913810083,195.843575220542,0.144763767116816,3.47198484780944e-05,12.8308404002558,87.0126986041707,43.3245337656754
74,20.0173183477837,174.724862692666,0.341088168170338,3.99718522219878e-05,11.7207308270562,87.2837040202468,43.5955391817515
57,94.4587240893955,160.344645262025,0.267381704057476,1.47935161720058e-05,13.1371618481586,87.5197336500278,43.8315688115325
9,43.6495174965793,209.381702467839,0.282108408806426,4.665089392089e-05,13.8627371396868,89.3049003290696,45.6167354905743
14,90.0056898593156,184.462235629463,0.332321532943131,1.18896912626736e-05,14.1947938451042,89.4589958949982,45.7708310565029
31,45.4721516718854,166.177010347818,0.093817370207206,2.61925481624933e-05,14.2702628346177,89.6141261405157,45.9259613020204
77,50.8101051555068,160.583368244166,0.0283014104027939,6.5987624141334e-07,13.7691123866303,90.2976938952096,46.6095290567144
62,68.6762494257414,184.662256924493,0.110436353276939,1.67314605125068e-05,14.8652202389857,90.59636828252,46.9082034440247
4,59.4975972511148,138.662834662717,0.120709327246333,3.94294276750588e-05,14.761769901317,91.1467532696257,47.4585884311304
34,84.1370110143793,178.995069907494,0.310264174053177,3.24244267018234e-05,15.0823642214375,91.3957413402471,47.7075765017518
6,15.8082542567691,156.489413695105,0.320369369853711,2.90351048951538e-05,15.4503566957696,92.8301699047325,49.1420050662373
58,13.8819275520205,200.980635563802,0.276318076418306,2.28352815199216e-05,15.6717283090042,93.4699002352555,49.7817353967602
16,63.3412139484325,170.242861575956,0.11383036540182,3.8313463152041e-05,16.686966353442,93.6416391358485,49.9534742973532
41,59.2032975080863,178.334452288855,0.0592956091782637,2.12893326971415e-05,16.8747207285963,93.7202494489297,50.0320846104344
96,7.43702658173154,157.20477865429,0.0708233657191093,4.81035368121551e-05,15.8522536076768,94.3714586466202,50.6832938081249
94,70.5192393332387,170.444519846537,0.334222499876556,1.53246998590448e-05,17.4902283916639,94.7260900281782,51.037925189683
98,8.82002629243446,161.982085895112,0.103898944848724,2.66567962699653e-05,17.6057253285763,95.0049764780091,51.3168116395138
85,93.2358497236745,208.735085879858,0.232082230436887,3.11647433881505e-05,18.0382707061479,95.4791560623931,51.7909912238978
71,58.240738676163,198.743327074515,0.0759848589394425,7.88195750050493e-06,18.9398799849376,96.5737516520702,52.8855868135749
60,9.72624029007921,189.52324458919,0.165672277532107,4.8571015895149e-05,1.86734532987663,96.7701598615295,53.0819950230342
25,60.6950737676819,189.905716256387,0.258249590496873,3.67432246440337e-05,19.9015138981793,97.9126934536186,54.2245286151233
27,55.8738500236044,136.079894182096,0.22355631231257,1.16949042202143e-08,19.5378152790254,98.4806345669234,54.7924697284281
1,77.8707172974977,206.986015136366,0.462321104238844,4.18314150120396e-05,6.86819715411833,Inf,Inf
2,72.8738491125916,185.453754015404,0.203450084559875,6.78614647961631e-06,19.2733182075853,Inf,Inf
5,67.1983428510582,144.383582714396,0.0323919569158932,2.81963851593871e-05,12.6976553099578,Inf,Inf
11,31.1504110510055,158.352267402403,0.423491479202552,4.11547261571244e-05,16.1384380156404,Inf,Inf
12,51.7061350395049,150.05545892926,0.191787071051369,9.81921374620763e-06,2.73162616979096,Inf,Inf
13,23.4458744536945,186.606672195525,0.371361381124916,3.72998330517045e-06,18.5226006726324,Inf,Inf
15,91.6427342137794,151.088662896033,0.484144555536801,3.1547625390365e-05,2.27337935252298,Inf,Inf
17,2.31136352287437,139.62872724934,0.300558195645422,4.94606025394835e-05,17.9269080829452,Inf,Inf
20,12.3551400767755,197.067502264904,0.447760706826157,2.30320410515694e-05,8.93716755922733,Inf,Inf
21,99.3789167212421,188.558076306869,0.017646070574359,1.93406455514794e-05,13.354900887392,Inf,Inf
23,80.589610902321,163.578373490662,0.372647474515341,4.53556286869782e-05,0.773302912830469,Inf,Inf
24,45.7020752023021,141.295330346116,0.451209154483319,2.19383842215853e-05,18.2107042577913,Inf,Inf
26,49.1210548247239,143.372874354565,0.494338266592634,3.28065879405388e-05,15.2503810228243,Inf,Inf
33,47.2326015428952,182.949269288436,0.415674493684217,4.43601831010034e-05,17.3797424589493,Inf,Inf
35,98.8356468908589,173.117203450053,0.48677139109286,1.63446107736265e-06,11.8835641446609,Inf,Inf
36,95.1876903913551,205.315473599399,0.419342338567162,4.29802911367849e-05,5.29571276965334,Inf,Inf
37,75.5906113121618,190.704135382284,0.288464094071482,1.55998768630655e-05,7.10914448862453,Inf,Inf
38,24.9020277746916,137.033846333347,0.226607579901707,4.57968756193053e-05,16.2066785656892,Inf,Inf
39,4.69176893884604,146.07199374788,0.147746351768917,4.00851925813212e-05,7.76359979077568,Inf,Inf
43,41.1797835128412,172.216328208484,0.399849855421453,4.9606489483174e-05,3.07163003081868,Inf,Inf
44,70.0727304382751,167.500863585553,0.186345277928234,3.76852077899347e-05,0.0324676118157761,Inf,Inf
49,52.6464686181418,139.226511785799,0.385699789271609,1.23324229414995e-05,10.0257134763937,Inf,Inf
50,81.7894737277792,168.251664315928,0.499543153708603,2.75587716452397e-05,5.75868979148887,Inf,Inf
51,33.5743300165871,142.263933687714,0.044096163172665,4.73332253767822e-05,9.78112908816277,Inf,Inf
55,97.4574239975408,147.819688449884,0.465935749377367,3.32990814596305e-05,14.4738255412321,Inf,Inf
59,86.3752749825,143.122343297356,0.349738384020133,4.31819501865533e-05,16.48761218295,Inf,Inf
63,41.719738608485,153.245057654442,0.345973254402285,2.36296921935389e-05,13.4639704246671,Inf,Inf
64,37.0358828141553,151.619458300167,0.364225735440792,1.71307970936495e-05,11.4140189013078,Inf,Inf
70,82.9441577695504,153.85501961723,0.433418734277975,4.7933519038716e-05,1.1983896210701,Inf,Inf
79,92.5031274502744,192.911904729394,0.396440414623588,4.22520496793807e-05,1.77014073491178,Inf,Inf
83,96.1119924491446,146.938619305314,0.444968674302884,3.71221268247598e-05,18.7715568426239,Inf,Inf
87,87.2489562281679,192.011208296607,0.477898685695802,3.53553719193481e-05,0.466861370561019,Inf,Inf
90,18.0213511448612,194.642513534693,0.252520057299932,4.38603433799258e-05,19.7283135772747,Inf,Inf
92,20.8212266342441,147.732112680267,0.0360425065563339,2.21620064911208e-05,10.7563285873295,Inf,Inf
97,6.03343407990161,208.048613740032,0.0246065156931619,2.97661884698068e-05,8.37941207674419,Inf,Inf
99,11.7555336566704,177.459246762819,0.26424141046322,3.01588575664116e-05,10.4523052172028,Inf,Inf
100,3.12026637193689,179.957440404332,0.456681939809883,1.9789886271424e-05,17.1972424984926,Inf,Inf
40,23.8730116981741,175.395255738718,0.406201678863971,3.35148119676501e-05,1.28821513363139,NaN,NaN
52,78.9472623013229,162.085713121399,0.241479527258935,1.06027806757118e-05,0.362507748065536,NaN,NaN
61,16.3283976944357,148.528920292112,0.304956040598481,2.71063158908264e-05,12.5750617159941,NaN,NaN
73,29.3874730081231,135.543599204803,0.473913325140323,4.07331251417303e-05,19.0827148963013,NaN,NaN
84,65.092722269483,201.110318441077,0.440490664118746,2.55253127582779e-05,6.19393790980661,NaN,NaN
88,1.71316356325346,204.348958036093,0.0114959374045104,3.59711766698297e-05,6.30886196891581,NaN,NaN
